221.1624721
456.3165617
474.8632521
280.2746809
150.0548764
155.0466551
156.0499652
226.1930834
451.3904107
331.2742647
559.4244521
459.3517596
323.2521827
89.05966014
213.1847322
157.0494044
323.2521778
139.0025037
142.0497849
103.0387996
105.0003484
224.2121469
150.1123788
160.0967334
228.1787144
325.1988439
440.2907873
157.0130582
154.0497424
96.08059123
133.0857888
254.1385218
501.3825444
164.0560949
129.0697466
201.0367331
213.1778169
159.0650711
237.1250174
197.1268931
281.2474827
340.2594747
317.1359479
210.1569186
113.1071799
169.0457006
171.0055047
148.0967053
203.0912502
210.1617986
459.3467212
306.1780101
340.2595145
315.2318063
143.0814221
148.1119355
455.3501183
132.1017986
309.1463117
355.2267539
129.018356
322.2489254
137.0820955
280.1622947
373.2329821
169.1221667
129.0657025
265.2161462
288.2168564
205.0606152
82.02872307
309.2264211
437.1930978
213.1121041
291.1580708
161.0595684
226.1993779
148.9768997
158.0809735
185.0807043
146.0810501
322.2489197
465.2506448
375.2066444
85.03958423
281.1007568
453.2423081
665.9202617
319.2243063
146.9612033
227.0842104
179.0912706
209.1537522
195.0875497
104.0704275
94.03983188
287.1253564
147.1126779
102.0548085
381.263958
266.1209715
83.08549414
191.081343
337.237755
377.2296907
312.2319779
244.0943678
131.0895226
218.0488348
236.1280605
159.9690264
371.333151
144.0843076
197.0943177
135.0551793
283.1902359
141.1272813
169.0606469
317.0558394
228.1787
100.1119047
399.2892544
345.1672049
383.1831135
131.0814278
321.240477
189.0657128
159.0763226
105.0333624
129.0738054
84.04435036
112.0505178
171.1126587
102.0548005
206.0811959
140.0341354
137.0457222
121.0395172
119.089519
166.085927
129.1021103
341.2104824
211.1073462
351.2888538
187.1075883
181.071814
279.231818
282.2791201
164.0704538
178.0861398
582.24683
307.1303026
247.2267615
319.1540154
151.0613655
226.1913073
505.8268352
207.0763929
195.112688
302.3052731
225.1315035
162.1122939
127.0500971
203.0912534
119.0854438
393.2612664
218.1387299
268.1055162
167.0467294
359.2216405
353.0784701
148.0603178
387.1791978
397.2001451
255.1127025
301.1181915
146.0927459
304.2845148
199.0963737
296.2557191
339.1954641
120.0806533
109.0395419
583.2547924
84.08073216
89.0233316
103.0540389
343.2478209
585.2702722
297.2194951
85.0283601
88.07559599
179.0813364
427.2667743
375.2510426
524.3709228
139.0865057
206.0667305
144.0654452
218.9835342
252.2433014
281.1743577
249.2212297
409.2581876
158.059956
586.2742564
416.2360091
252.0500207
354.2427378
459.3508814
601.2656136
140.9956004
325.2169615
444.3432342
141.9989717
119.0490557
345.2094026
469.2939645
181.0718879
446.3263177
818.1788101
361.3100837
117.073838
272.200838
169.0758844
349.1990933
143.0702023
149.0444702
312.2684398
477.3095919
129.1272741
147.0439551
323.1624824
310.2278536
192.065368
306.2638099
244.1550376
149.0959919
153.0769488
335.2573293
477.2629616
184.9853771
245.1745462
115.0541273
124.0585524
333.2412002
351.2508188
400.3784917
328.2481439
227.1611948
87.05520629
89.0707544
217.1585731
277.0794316
97.07587051
315.1214424
95.04896201
373.1991521
233.1645792
195.0876076
160.0961943
464.313555
116.9717703
349.0174774
94.06497124
156.0653576
133.1051028
584.2628873
133.1010617
492.376768
303.3086169
177.1021238
187.0009115
175.1076181
204.1229014
314.2598688
247.1078585
117.065729
107.070122
114.103164
280.2059601
207.1855408
163.1327552
216.1610046
219.0765438
215.1054132
254.1385504
428.2874953
165.0545465
114.0548602
161.0120463
337.1045685
353.2678907
211.0962856
188.1755185
220.1048307
285.2787794
105.0333704
448.3054097
395.2916672
126.0741605
283.2630562
171.0763085
339.2328183
292.2749788
275.2005506
413.193947
128.0817042
282.2511283
318.3000624
203.081369
210.0911829
138.0912419
128.9709482
103.0864345
141.0657313
88.03917536
345.241769
163.0864199
460.3522958
349.2350937
96.96039444
282.1958253
835.1177433
175.0480485
505.3325421
126.1024192
312.2433569
284.0450095
221.0920937
224.0562068
918.134399
160.0603163
294.2215482
185.0231977
165.1273012
209.1014956
128.9506278
269.117135
456.3471426
168.1494114
122.0680442
125.0596281
367.1881348
343.2484912
146.1174298
85.0647613
462.1463594
194.1174761
107.0853717
231.1952599
97.02825951
260.1147334
173.070861
366.1389685
153.0657661
365.1053452
355.283881
183.1742408
607.252486
101.034438
318.0872168
183.988357
215.1061242
112.086792
233.1112937
445.3674725
297.1121408
183.0650783
472.3070062
145.1222119
118.0649775
187.0864182
118.0861387
175.1440102
413.307628
115.0864771
180.1017161
134.0446382
134.0599129
139.9877794
218.1388108
197.0806214
192.065379
373.2373018
120.0806515
288.2895924
278.2195474
395.2768863
397.3100688
138.0912264
159.0651073
369.226354
297.2421046
130.9663157
137.0708451
357.2049944
83.06035326
432.3107713
211.081428
129.0697415
157.0606971
347.2944768
133.1051473
129.1020939
365.1571593
319.3034835
174.1123563
111.0915458
153.138495
212.0908379
363.2199932
154.069094
340.2821677
109.0282973
273.1848657
214.0973379
139.0501205
154.0861191
132.0654259
166.0578937
158.059957
119.0895043
123.0439263
310.2305212
121.0507602
187.096366
399.2147701
120.0555185
836.1188016
227.0841295
159.0915579
340.2845756
266.1902765
379.2837619
211.1884765
156.9659061
98.05988237
143.0338627
165.0763773
204.0653764
251.2005481
176.0559984
248.1109714
358.2375595
269.1925922
370.3314962
122.0235122
331.2254122
139.0582305
225.1596552
106.0285843
236.1280895
496.3396398
198.1122987
582.2465967
165.0652291
451.2817208
100.0391294
178.0586049
475.2971766
103.0540784
207.1226315
147.0439402
392.2138756
168.07665
277.216212
168.1017712
530.3544516
313.3099466
286.1436354
481.3911771
115.0388643
397.2941567
173.1171476
111.116697
488.2979014
267.1222792
450.3178325
189.1020595
221.1285428
155.1065249
233.0784826
357.2786041
505.8767448
223.1886057
239.236784
401.3413276
105.0697416
135.065113
153.12724
401.2320426
158.0923226
293.1521481
123.0996692
170.0810501
263.2369076
398.3264568
192.1228868
130.0861693
154.1337485
106.0285959
315.2530032
123.0439353
81.04471941
191.0913834
224.2120857
279.2681291
200.1013513
225.1315895
211.2056741
341.0937885
124.0868601
239.2368557
262.2271493
365.1570449
288.1722841
197.0929315
91.05405475
391.2104029
134.0632698
455.3502651
167.0562341
447.383202
157.0606905
271.1328415
459.3021995
128.0455863
117.0180993
145.049421
212.052834
192.1017233
405.3349813
324.2883131
129.9585032
425.3446257
83.04909929
195.1127261
139.094616
135.0439309
115.0694383
252.1956616
291.2290433
361.2589303
910.7815666
245.0782715
109.1010738
414.3577201
289.2161657
295.1018638
289.2374098
151.111644
157.0850233
268.1055254
140.1181153
216.0853751
219.0764996
250.0451509
311.2205568
170.1174441
223.074945
156.0402278
936.2053335
288.2173289
212.0917273
429.2998394
151.0613933
87.09158897
884.1898101
152.9471175
142.086196
300.2320868
132.0442969
263.0682835
483.3274413
429.3726549
360.2250119
265.1185341
477.24432
342.2911983
146.0599314
989.4894802
164.0814626
363.325674
291.1942967
458.3627559
585.2708653
859.2623344
296.2372132
95.02381588
260.2583131
296.2583978
171.1166851
382.2706943
182.1174579
90.05479519
103.0388071
375.2892728
85.10111689
207.0506134
237.0871129
476.2437332
393.2974191
307.2631104
347.2229249
367.2267443
120.0523893
241.2161288
247.2421368
208.0625152
228.0853224
136.0392422
168.0653811
477.3776043
487.2930635
181.0969566
189.1120027
265.2525572
227.103847
493.0168328
157.0970576
319.1650792
383.2786592
163.0388641
291.2317588
130.0497797
221.1718192
389.341311
117.0549278
151.0501024
167.1065408
407.3514704
383.330664
139.0945998
107.0853636
117.0181021
280.2378947
130.0974192
143.1065786
962.2740164
169.0857921
133.0687672
357.2628757
169.0965821
178.0496993
901.3075171
157.1334294
132.0766382
241.1070714
112.0585254
889.1126857
359.1052589
272.1492068
269.2261796
387.2158737
119.0490559
337.1649882
163.0599913
163.0607952
159.0302242
171.0055337
140.0341484
114.0548728
160.0755569
455.3144001
336.3107596
436.3405342
112.0584988
127.1116309
297.27876
136.0868623
986.2824653
399.3284405
363.1958858
158.117444
124.0471941
166.086132
150.0582145
406.3293997
919.1942811
364.2233702
127.038856
189.0881905
153.073834
152.0704802
196.05983
241.2160032
829.282042
459.3272256
185.0708385
332.2792424
345.2056732
156.0419947
306.2638424
191.0912493
97.06464569
210.1570208
190.0497129
909.2110704
873.3121489
242.0999572
231.0751824
185.0808348
437.2132161
103.0945357
173.1537377
104.1067846
371.2406324
259.2056432
157.0759278
338.2593434
254.1537455
327.2316948
107.0602277
143.0853959
346.2456067
385.3472666
439.3194819
333.2634584
129.9343977
274.0919389
113.1071687
228.1018405
885.4202338
86.05997115
202.1072235
108.0887315
228.0833468
919.3160947
910.0964629
101.0595645
836.6835671
86.09634009
267.0603389
320.3071961
288.2532737
196.0967272
249.0609775
361.2364949
144.0789449
117.0697456
323.1605478
172.0957898
164.106911
270.2063412
122.0962919
259.2056625
109.0282982
303.1201318
97.07587161
196.0967294
417.2041583
142.06506
309.1866325
303.231851
120.0654273
462.1464897
181.085763
326.2101035
365.3041039
572.3653158
340.1615902
415.2837868
403.0072259
393.207262
187.0577579
430.088603
962.4938717
313.2371927
167.0922311
980.2793543
922.1294818
221.0921639
161.1071979
217.0319556
982.5703743
113.0094466
122.0541307
163.0388153
830.1373581
427.3611154
432.383358
271.2065001
774.1051845
426.3577194
329.2474404
229.1068879
393.2257126
327.2524882
401.345415
250.0861385
225.2213395
231.1225693
369.3188676
208.0967304
121.1010502
343.2219235
319.2630229
257.1898378
176.1191774
359.25798
488.2941059
171.1490081
372.0658805
275.2369737
154.0497519
991.4970534
223.0966914
194.0810982
257.2474529
114.0660947
193.1950395
382.0284541
463.3779926
853.3553945
164.0704518
253.2526259
98.05989402
155.1429279
854.143218
255.1226542
162.9068319
181.0505114
97.03949386
167.0585828
171.0635594
162.0555104
142.0497811
387.3263081
300.2896367
683.9249956
191.0700921
399.3271824
834.6415107
211.205594
120.0555592
603.5346136
930.2707716
114.0912494
123.0799618
138.0758654
212.0527561
864.1834578
157.1334559
474.2219911
207.1490988
314.24773
343.2219789
350.1847832
394.2110423
142.9763013
287.2374488
258.1194678
333.133342
786.1711059
96.04419843
166.0497788
284.2664731
335.2196626
175.1187892
130.122565
167.0902205
158.0599542
985.2137886
163.111626
195.1742289
174.1487866
96.05544545
791.043052
875.1299162
241.1070425
359.2943998
171.064014
387.1365914
397.3504205
231.2107838
112.0755471
99.05511519
173.0596312
115.0581188
837.6807618
852.1442498
100.0503665
902.1530449
317.2454039
91.97978769
1080.304635
417.3362174
267.2317982
321.2040394
900.1336456
91.05814027
395.3328606
166.0722217
109.0395206
153.0544517
242.1831968
304.235158
438.3429083
275.2369265
174.0751854
908.1521907
364.2845448
871.3828929
903.1990538
451.3403753
803.3935752
448.3864043
184.1807035
136.0616907
367.2456603
115.0388835
368.0715247
290.1902306
178.0497571
141.0909003
182.080877
430.3031472
372.0659039
861.123203
871.1113628
102.0911705
550.38592
882.1908871
190.0860978
86.07121713
109.075898
411.3097912
329.2107128
267.2317696
131.0854544
132.047664
85.0759964
174.0385076
721.3766663
233.1645465
334.0548844
162.0649477
180.1017504
312.2896018
293.2473262
853.6867096
128.0534184
469.2952216
147.0763112
343.188098
248.0777902
912.2585078
934.1490952
203.0813432
255.1754222
174.0548721
200.9722115
274.1881804
118.0609863
851.2606552
137.1324043
164.1169058
319.1890823
160.1806803
141.0296194
430.0881913
169.0754742
927.0673347
149.023248
216.122901
1024.232907
123.0551487
850.1384856
604.2928195
156.0763243
357.2400536
179.0337373
126.05484
131.0531331
233.2264738
307.1618238
278.0851267
140.0702186
207.0141657
156.1018234
152.0703574
704.2568519
146.1059948
249.2212369
215.1794704
155.0701161
128.0340911
403.2113543
982.2787605
295.2267181
766.6481894
129.0544868
125.0708476
815.6446256
174.0758103
128.0704632
131.1177844
360.2236298
275.2580126
283.0483479
145.0259943
826.1713285
135.0439322
289.252494
583.2542437
858.1406781
286.2283431
219.2107802
269.1746873
149.0442692
190.1436672
148.0602683
301.216151
299.2005775
232.0825326
121.0646617
403.3197028
377.3037911
247.2420765
173.0708499
302.2113859
166.057854
284.2946987
91.97977638
401.2630741
409.3093949
179.0701332
99.05510956
136.0756263
142.0691375
123.0439275
286.2530126
156.1130543
185.9887697
123.1166708
139.0752643
131.0698323
168.0653966
328.3209434
317.2093656
1024.348198
113.0595486
379.3326368
162.0912371
940.1511303
152.0817304
285.2408139
121.0495076
210.1124369
989.2833263
289.1797175
305.2102834
305.1171967
240.9672461
126.0912271
185.0708186
1000.285054
524.2910367
133.0282678
947.5483139
882.2355368
194.0810987
175.0752669
423.3286454
152.1068784
417.3766918
138.0548804
205.0971039
876.1489278
719.3635406
86.05997198
151.086505
809.0553656
349.3100638
332.2795096
284.2007556
591.3163512
418.9811919
808.1156226
283.1328971
808.8075232
272.0293704
479.3724216
282.1513434
463.3227725
661.53778
171.1014045
166.1225086
121.0282837
184.8887308
799.6802667
148.0392102
108.055749
184.9854329
905.2768977
361.2723976
209.0249921
307.1903158
967.2090876
186.075953
179.070102
932.1963902
213.0755742
403.3569416
135.1167044
337.1985875
188.070472
247.1691774
332.154866
519.3104446
375.2894223
273.2219574
493.0168324
466.3159088
198.0974953
494.3242342
446.3756556
428.308585
417.3725747
171.0237708
186.0842375
862.1178304
603.2948497
372.2437848
144.9920095
433.3675463
180.08767
902.1947506
242.099692
111.0551635
170.0922915
508.37591
266.0745183
991.2810315
175.0388693
151.0752669
438.9839636
391.3569573
302.2195921
301.2930054
837.0514469
165.1021504
997.2792556
956.1077978
816.1668332
122.0599189
793.0641131
170.1174574
907.1200636
377.2279379
446.3706318
177.0909027
245.2265048
336.2273115
85.05084001
188.0704228
286.2376553
112.0391646
920.2078861
206.9681641
216.1959274
274.1914309
355.2630438
894.8039633
1016.230966
359.1428184
331.045011
167.0553981
846.1751134
250.0387211
930.1926842
172.0754997
354.3002357
514.3149153
255.2681272
331.2630967
380.3157042
433.3310977
461.3627304
720.3670182
683.9244889
101.0237982
100.0503714
125.0425872
184.09674
367.2227885
215.0161544
990.4959865
297.2054362
180.0653776
996.2838218
1010.74601
99.11665561
165.0545403
770.1701934
99.04387383
113.0344085
394.3007853
111.0632474
323.1252347
117.0657622
200.1279964
332.1558335
328.2482042
310.2164223
855.6947783
944.4859571
812.122081
203.0525263
82.06510689
128.1068337
204.9569246
418.338026
175.143981
140.9956261
907.3482243
171.0762849
990.2842469
992.2858137
878.118412
112.9557019
101.0242834
354.2628965
129.1384646
115.0864839
274.0920177
881.1866139
352.2821282
301.2729975
326.2211442
918.1972776
520.394769
877.2739363
229.2160997
280.2351539
155.0102546
330.2790657
267.2681959
130.0691305
145.0494643
1008.226366
198.1963224
129.1384794
192.0758796
265.1188554
357.180195
95.06831974
500.3044004
352.321039
244.1543354
926.1993527
144.0655541
333.204824
321.2788426
720.3673484
142.9763552
272.164458
94.06495698
245.0784177
818.3518392
335.2943933
183.1014251
230.1019453
212.128006
100.0754943
111.0551611
462.3389118
818.764479
349.1985614
214.1072489
93.0445756
118.0493153
502.3851802
141.1021351
968.2728995
153.0908893
104.1068177
110.0963
826.8170059
152.0565697
369.3515885
167.0813986
248.1746918
356.3522382
279.2683009
864.4478895
314.2438558
433.2563367
137.0596023
952.2174274
189.1119839
133.0606801
239.2368801
834.6380761
312.2319939
150.0773274
834.1261172
502.2597647
972.1625677
431.2518545
381.0245314
178.057956
212.1643864
966.1611091
343.1902942
200.102685
209.1018993
164.0917433
355.2460572
133.0316724
145.0647235
355.2228935
1009.639356
243.2107527
359.2978675
178.1072557
146.1650498
198.0162727
149.0808123
832.1196313
165.0756683
179.033751
309.2422732
159.0804782
206.102311
161.107229
233.1898372
174.0548801
142.0862071
153.0738318
340.2271062
124.0393197
368.3158869
853.1138602
139.0582003
460.3538472
315.2886555
698.3573283
278.153857
509.3808335
147.0650784
226.0686497
157.1222338
137.096029
205.0971173
113.0232062
301.1797545
383.1624154
265.252467
165.163711
116.0704657
200.0915504
339.2278734
375.2161376
426.274501
726.2483263
140.0817294
219.1420169
234.0625646
331.2995408
391.2841768
331.2478634
337.2172321
938.6586746
220.061528
118.0861655
129.0657042
166.0961862
93.03337519
93.06973177
132.0442938
771.1528745
159.0061549
377.19577
133.0646935
191.0337328
191.0701602
109.0646818
151.0864858
167.033785
193.0687766
966.5542724
330.2506684
192.075874
353.2299478
138.0548702
395.3157347
153.1133491
149.0596573
170.0922486
818.1097612
139.0388538
124.03921
966.2178529
125.0232754
175.0594145
261.1097005
305.2838562
132.0654293
146.093263
209.1899339
313.21621
144.99195
159.0763278
135.0645656
498.3576459
141.0544975
303.1945516
877.4256144
81.03348444
428.3738608
218.9829028
137.0457051
398.3249042
124.0756131
175.0159657
348.2895213
405.3726914
201.1119749
970.1292486
138.0661073
132.101804
175.0862738
108.044233
147.0803221
825.8187528
210.0912524
187.1327702
200.0916273
219.0476056
417.3767357
427.3565657
85.02835711
139.1116471
852.1745747
137.0726358
412.2094082
854.175525
127.1116082
148.0473141
126.1024654
314.2688733
255.0992689
115.0389266
326.2112907
330.3002293
131.0894986
193.1322172
808.693507
206.1015547
146.1650557
146.1174463
205.1950369
740.6330359
165.0756613
261.2212823
754.7989327
149.0596176
870.1229675
142.9763354
147.1127057
198.075815
875.3492931
176.070501
171.0052646
229.085656
217.179767
177.0544841
167.1065712
415.3247493
249.0954405
220.0824417
269.2474987
93.04458199
908.2146599
162.0553329
331.3035131
149.0804153
194.1175039
193.0494171
121.064699
421.3675269
468.3183433
203.0523722
156.9659464
946.2653797
938.2588541
282.1850996
146.0599298
115.0500828
182.0810487
278.1466865
185.1171076
383.1625758
287.108306
251.1451289
111.0439399
219.9830942
948.2162933
1088.369697
849.3870322
113.0901333
339.2148091
130.0861717
166.0497778
365.2300228
190.0497246
271.1691707
744.2758567
144.1018145
239.2004521
365.1055324
88.03920839
317.0559371
273.1487402
413.3057773
183.1742282
172.115285
772.3343735
104.0704257
189.0528647
365.105338
827.8186594
381.3153387
211.0957828
400.3422295
415.3204767
155.1065347
159.0439928
163.0752136
273.1100789
173.1072525
332.2695977
288.2402031
431.3841878
186.1224638
315.1954543
983.5697448
844.8340621
130.0497944
484.2806891
187.1116085
239.200319
419.3517792
115.0752544
87.04395741
284.0449623
188.0916643
126.023154
134.0962842
236.1365
339.2521039
852.3556815
450.3377111
305.2474475
220.0796776
918.4685687
128.9706424
396.224971
120.0654114
84.04434781
367.3358081
293.2109733
113.0344105
169.0970013
453.3004225
855.0611747
239.2368299
810.7121571
936.1385063
462.2755136
186.1123765
162.0759012
346.2173583
937.3246156
199.0949128
