221.1624721
123.0799618
358.2375595
141.0909003
155.0701161
363.2199932
187.1075883
333.133342
142.06506
325.1988439
156.9659464
153.073834
130.0861693
111.0551611
199.0963737
141.0657313
493.0168328
211.0962856
1016.230966
213.1121041
459.3517596
167.0467294
119.089519
104.0704257
812.122081
286.1436354
209.1537522
488.2941059
183.1742282
1088.369697
116.0704657
155.1065249
456.3471426
281.1007568
93.06973177
86.05997115
468.3183433
226.1993779
530.3544516
164.0917433
302.3052731
340.2595145
237.1250174
944.4859571
219.9830942
505.8268352
245.0784177
272.1492068
136.0616907
168.1017712
144.9920095
96.96039444
148.9768997
286.2283431
169.1221667
317.1359479
140.1181153
137.0596023
401.2630741
403.2113543
108.044233
159.0763226
245.0782715
387.2158737
882.1908871
218.1387299
93.03337519
158.0809735
272.200838
227.0841295
213.1847322
338.2593434
203.0912502
234.0625646
339.2328183
229.2160997
583.2542437
585.2708653
288.2173289
413.307628
175.1076181
157.1334559
152.1068784
339.2278734
754.7989327
169.0857921
213.1778169
207.0506134
114.0912494
118.0861655
113.1071799
206.9681641
218.0488348
423.3286454
115.0864839
405.3349813
148.1119355
142.9763354
147.0763112
381.0245314
117.065729
265.1185341
161.0595684
212.0917273
1080.304635
508.37591
289.1797175
989.4894802
163.111626
288.2895924
217.1585731
165.163711
166.085927
297.27876
95.02381588
371.2406324
163.0864199
306.2638424
455.3502651
271.1328415
447.383202
262.2271493
391.2104029
124.0868601
323.2521778
145.049421
355.2267539
123.0439353
315.2530032
159.0650711
370.3314962
331.2254122
139.0582305
106.0285843
496.3396398
582.2465967
100.0391294
392.2138756
168.07665
164.0560949
173.1171476
267.1222792
192.1017233
233.0784826
401.3413276
105.0697416
153.12724
401.2320426
158.0923226
263.2369076
440.2907873
106.0285959
254.1385218
151.0613933
83.04909929
195.1127261
208.0625152
228.0853224
181.0969566
155.0466551
291.2317588
117.0549278
167.1065408
407.3514704
143.1065786
962.2740164
150.0548764
133.0687672
901.3075171
119.0490559
337.1649882
114.0548728
160.0755569
455.3144001
136.0868623
399.3284405
363.1958858
456.3165617
241.2160032
829.282042
185.0708385
247.2421368
237.0871129
90.05479519
429.2998394
115.0694383
109.1010738
414.3577201
289.2374098
151.111644
216.0853751
250.0451509
170.1174441
157.0494044
156.0402278
936.2053335
251.2005481
182.1174579
884.1898101
132.0442969
483.3274413
477.24432
146.0599314
363.325674
291.1942967
559.4244521
458.3627559
296.2583978
171.1166851
248.1109714
369.226354
204.0653764
354.2427378
306.1780101
148.0603178
397.2001451
339.1954641
109.0395419
524.3709228
144.0654452
218.9835342
281.1743577
249.2212297
158.059956
416.2360091
252.0500207
119.0490557
165.0545465
818.1788101
306.2638099
149.0959919
477.2629616
400.3784917
227.1611948
95.04896201
233.1645792
160.0961943
464.313555
133.1010617
207.1855408
216.1610046
268.1055162
119.0854438
203.0912534
127.0500971
205.0606152
437.1930978
132.1017986
291.1580708
146.0810501
453.2423081
146.9612033
227.0842104
102.0548085
83.08549414
191.081343
371.333151
141.1272813
399.2892544
131.0814278
321.240477
129.0738054
84.04435036
206.0811959
121.0395172
143.0814221
315.2318063
164.0704538
582.24683
307.1303026
319.1540154
162.1122939
254.1385504
114.0548602
165.0763773
133.1051473
215.1061242
445.3674725
187.0864182
118.0861387
175.1440102
115.0864771
180.1017161
159.0651073
373.2329821
297.2421046
357.2049944
83.06035326
211.081428
129.1020939
161.0120463
174.1123563
153.138495
212.0908379
273.1848657
158.059957
123.0439263
310.2305212
187.096366
120.0555185
159.0915579
379.2837619
98.05988237
143.0338627
153.0657661
343.2484912
125.0596281
210.1570208
337.1045685
353.2678907
210.1569186
285.2787794
448.3054097
395.2916672
126.0741605
283.2630562
292.2749788
413.193947
282.2511283
203.081369
210.0911829
128.9709482
103.0864345
281.2474827
88.03917536
460.3522958
197.1268931
282.1958253
126.1024192
312.2433569
160.0603163
294.2215482
165.1273012
209.1014956
269.117135
97.06464569
199.0949128
873.3121489
818.764479
178.057956
312.2319939
314.2438558
279.2683009
248.1746918
153.0908893
183.1014251
343.1902942
818.3518392
272.164458
142.9763552
720.3673484
926.1993527
198.1963224
966.1611091
133.0316724
132.0442938
233.1898372
331.2995408
137.096029
147.0650784
509.3808335
368.3158869
142.0862071
161.107229
1009.639356
179.033751
149.0808123
198.0162727
178.1072557
359.2978675
243.2107527
1008.226366
130.0691305
155.0102546
920.2078861
100.0503714
683.9244889
255.2681272
930.1926842
250.0387211
167.0553981
85.05084001
280.2351539
177.0909027
377.2279379
907.1200636
170.1174574
956.1077978
997.2792556
125.0425872
990.4959865
297.2054362
1010.74601
165.0545403
770.1701934
99.04387383
113.0344085
128.1068337
418.338026
175.143981
992.2858137
101.0242834
354.2628965
129.1384646
326.2211442
520.394769
391.2841768
191.0337328
302.2195921
339.2148091
365.105338
189.0528647
273.1487402
144.1018145
744.2758567
365.2300228
111.0439399
159.0439928
287.108306
185.1171076
182.0810487
146.0599298
282.1850996
946.2653797
155.1065347
332.2695977
191.0701602
918.4685687
462.2755136
239.2368299
453.3004225
84.04434781
396.224971
128.9706424
220.0796776
288.2402031
852.3556815
126.023154
115.0752544
130.0497944
315.1954543
431.3841878
415.3247493
217.179767
229.085656
175.0594145
201.1119749
405.3726914
348.2895213
877.4256144
303.1945516
135.0645656
125.0232754
171.0052646
170.0922486
149.0596573
138.0548702
192.075874
193.0687766
109.0646818
970.1292486
175.0862738
210.0912524
200.0916273
417.3767357
427.3565657
85.02835711
854.175525
127.1116082
314.2688733
193.1322172
206.1015547
146.1174463
740.6330359
149.0596176
147.1127057
875.3492931
837.0514469
391.3569573
104.1067846
253.2526259
300.2896367
387.3263081
142.0497811
171.0635594
854.143218
155.1429279
853.3553945
120.0555592
463.3779926
223.0966914
171.1490081
359.25798
176.1191774
319.2630229
191.0700921
864.1834578
903.1990538
902.1530449
304.235158
166.0722217
395.3328606
91.05814027
267.2317982
417.3362174
397.3504205
474.2219911
387.1365914
171.064014
241.1070425
174.1487866
175.1187892
284.2664731
343.2219235
121.1010502
231.1225693
228.1018405
144.0789449
249.0609775
288.2532737
320.3071961
101.0595645
919.3160947
113.1071687
225.2213395
274.0919389
333.2634584
143.0853959
107.0602277
254.1537455
259.2056432
117.0697456
164.106911
196.0967294
120.0654273
572.3653158
937.3246156
415.2837868
980.2793543
922.1294818
161.1071979
982.5703743
113.0094466
830.1373581
427.3611154
432.383358
271.2065001
327.2524882
438.3429083
451.3403753
175.0388693
152.0817304
349.3100638
876.1489278
417.3766918
133.0282678
1000.285054
185.0708186
940.1511303
283.1328971
162.0912371
113.0595486
1024.348198
131.0698323
123.1166708
156.1130543
591.3163512
282.1513434
367.2456603
337.1985875
433.3675463
446.3756556
198.0974953
375.2894223
519.3104446
188.070472
135.1167044
661.53778
403.3569416
307.1903158
905.2768977
108.055749
121.0282837
171.1014045
286.2530126
142.0691375
136.0756263
293.2473262
118.0609863
934.1490952
248.0777902
469.2952216
128.0534184
853.6867096
312.2896018
99.05510956
132.047664
267.2317696
329.2107128
190.0860978
102.0911705
871.1113628
123.0551487
131.0531331
233.2264738
152.0703574
704.2568519
128.0340911
982.2787605
766.6481894
128.0704632
360.2236298
275.2580126
269.1746873
149.0442692
121.0646617
377.3037911
247.2420765
179.0701332
340.1615902
