1.809609814238718681e-02
1.486605160706843190e-02
1.246046475851911306e-02
1.236622522957055680e-02
1.233881089907447673e-02
1.089710958528065238e-02
1.025153655285237705e-02
8.050093994072011691e-03
8.012591554031330693e-03
7.486962004178820268e-03
7.206895552326416862e-03
7.184785702772041038e-03
6.629238378856709864e-03
5.868778403194377900e-03
5.681910402704405498e-03
5.436867785696570914e-03
5.272258470087839467e-03
5.187140457547650615e-03
5.098279683823280818e-03
4.949732183838961505e-03
4.427448867175868066e-03
4.318609823260052306e-03
4.120017722016200423e-03
4.089802616348009977e-03
4.005180372808633468e-03
3.640442129002510307e-03
3.416864892023526151e-03
3.408065556074425708e-03
3.392003688942637953e-03
3.249429829004798695e-03
3.222907939906745865e-03
3.207664027065480761e-03
3.133923182090004797e-03
3.068337210273015987e-03
3.043699126375796517e-03
2.941676514137482861e-03
2.923656488685789489e-03
2.889772905872005099e-03
2.864936477794705495e-03
2.681042975102037110e-03
2.668699133088688578e-03
2.653926189140216971e-03
2.619224613981048586e-03
2.581300762975625301e-03
2.553018973828644674e-03
2.471866891319807538e-03
2.445468926028852678e-03
2.438528607880606665e-03
2.399167119394344898e-03
2.362185153195491168e-03
2.356608119391704476e-03
2.340645380624957472e-03
2.302696735891504327e-03
2.292534181562013405e-03
2.279793739140588155e-03
2.273572237958138616e-03
2.258526625900913413e-03
2.234334669028537144e-03
2.183596042323783255e-03
2.145176446435121016e-03
2.145052509651624879e-03
2.073790374981927722e-03
2.072922814865820699e-03
2.000545282022814231e-03
1.910940865644074945e-03
1.891235350440036590e-03
1.881072742923770155e-03
1.869794728698687689e-03
1.852196061215406189e-03
1.825748528621189224e-03
1.790105061349195857e-03
1.785940869341802505e-03
1.782669009727243063e-03
1.777587718019237777e-03
1.751437584241017113e-03
1.731360275861388567e-03
1.709299991584611574e-03
1.707069172964300078e-03
1.690214129428255219e-03
1.670905168942225100e-03
1.635435223607107627e-03
1.627503439411743082e-03
1.622917871603133614e-03
1.620191322530302371e-03
1.523398746310299827e-03
1.519879000403398690e-03
1.514103682670168158e-03
1.471024154643399895e-03
1.467182190179079984e-03
1.461679530634025885e-03
1.455606742078357010e-03
1.414584542003030762e-03
1.399142358987827449e-03
1.380279560110161908e-03
1.379015438947998103e-03
1.357203021607179989e-03
1.351873858617551804e-03
1.348527633764541687e-03
1.334027340317090480e-03
1.326839156011988714e-03
1.253717999576670246e-03
1.251858979888655250e-03
1.237780067038232344e-03
1.216537753482400562e-03
1.209845300382950259e-03
1.204392202895196180e-03
1.201665655813406817e-03
1.189644038425825357e-03
1.187908961355923143e-03
1.170682113658933106e-03
1.154074931838857320e-03
1.146886752520016525e-03
1.144755080634265662e-03
1.142846495270448013e-03
1.139450699634183455e-03
1.128792360669877200e-03
1.123339258022728075e-03
1.116894694228153049e-03
1.107599622623857980e-03
1.106038058228160734e-03
1.085663265123429887e-03
1.084919660792276960e-03
1.053192522288131034e-03
1.046500084597609855e-03
1.045260736673066411e-03
1.042410254227479471e-03
1.037576820816043946e-03
1.037081090250988784e-03
1.031875842593550294e-03
1.023696194388191245e-03
1.022506427885989727e-03
1.020523473708505758e-03
1.013905400338825083e-03
1.013161788848580044e-03
1.003247063296306210e-03
1.002206008737005971e-03
9.980418295242165366e-04
9.979178835473035379e-04
9.939519993099061711e-04
9.729575457040731722e-04
9.699335483335381602e-04
9.688181490088865894e-04
9.638359849993582452e-04
9.624727104542863537e-04
9.505750236173743850e-04
9.378098164505567448e-04
9.344636016652898159e-04
9.329763898779157251e-04
9.329763837662843418e-04
9.199632964880085024e-04
9.189718259740311222e-04
9.184760924137556773e-04
9.148820004343394133e-04
9.052151265822280021e-04
9.045954606187471461e-04
9.032321815375635339e-04
9.012492404057285446e-04
8.945567985946189463e-04
8.923259764856562425e-04
8.910866382219897151e-04
8.893515599574633489e-04
8.879139258613940027e-04
8.760906099330729568e-04
8.739837267198412567e-04
8.737358538453858297e-04
8.729922577986960796e-04
8.635732543625379435e-04
8.618133887413120461e-04
8.571286768384356368e-04
8.548482861103911959e-04
8.453549189074206251e-04
8.432480524016228640e-04
8.238895371385773899e-04
8.237903876858106720e-04
8.204937327503861308e-04
8.149910564459560266e-04
8.117687766522481939e-04
8.013583043815128946e-04
7.840075170270021342e-04
7.830160443661625305e-04
7.786783580194574922e-04
7.784304861664934419e-04
7.726055766834788495e-04
7.690114971177718604e-04
7.688875480763865747e-04
7.610796985695949743e-04
7.551308595400874502e-04
7.510410233180257137e-04
7.498016856083885564e-04
7.418451085333490659e-04
7.387715551478911359e-04
7.198096146950568649e-04
7.139847181970942168e-04
7.064247361456637252e-04
6.997818675070589323e-04
6.971296737174700496e-04
6.908090254801599935e-04
6.903132920583918098e-04
6.895696825765041185e-04
6.838687184817444963e-04
6.811421574453520355e-04
6.784156117832607991e-04
6.742018503430563092e-04
6.600733563559633543e-04
6.557356658540406964e-04
6.548681112262808631e-04
6.538766504770642061e-04
6.500346961670548478e-04
6.457713560443548682e-04
6.404917590638122167e-04
6.365258634688231165e-04
6.352865290141048631e-04
6.318163707190855259e-04
6.258675339230065048e-04
6.226452382529072162e-04
6.212819616129129988e-04
6.154570587263050955e-04
6.023943901728503201e-04
5.986515929941019134e-04
5.966190729070852640e-04
5.951318534585307808e-04
5.919095704272161508e-04
5.907941482402161723e-04
5.857128569477333202e-04
5.821187682059229861e-04
5.784255249125485731e-04
5.760459922717259046e-04
5.661312608155798448e-04
5.643961786035974013e-04
5.590670028539925472e-04
5.569849178096798791e-04
5.527463745617221431e-04
5.475659264755892465e-04
5.472932674130903891e-04
5.334622112664033069e-04
5.259765851561254250e-04
5.258526521988910775e-04
5.253569168033953973e-04
5.232500407059726159e-04
5.195320193705099286e-04
5.187884112736922473e-04
5.187884096289189541e-04
5.139549744515173671e-04
5.137071064940676533e-04
5.129635030891832289e-04
5.076343392685128859e-04
5.057753246879522803e-04
5.029000467656804391e-04
5.026769688311939505e-04
5.001239279483969376e-04
4.907792890754657114e-04
4.907792877596470552e-04
4.885484783933488053e-04
4.849543864139317824e-04
4.837150445317648447e-04
4.834671750767063989e-04
4.834671717785035423e-04
4.825996406277190099e-04
4.808645551954437731e-04
4.806166895926177710e-04
4.788320355845456715e-04
4.777662036150967539e-04
4.773943974198268823e-04
4.746678400192474263e-04
4.736763718772064608e-04
4.728584141759419610e-04
4.728088379389641096e-04
4.711976924239109823e-04
4.702062215982917223e-04
4.695865450216960956e-04
4.691403825130341029e-04
4.689668799411996262e-04
4.663642565885990372e-04
4.652488526499257908e-04
4.610846636896920227e-04
4.564495255999166646e-04
4.535990388086650542e-04
4.446757813984310477e-04
4.364961225799564694e-04
4.354302933200550362e-04
4.322823633385538839e-04
4.276224316592544625e-04
4.255899179608829599e-04
4.238548398348638549e-04
4.228633682647689874e-04
4.203846863183429696e-04
4.188974750244014848e-04
4.181538683992236708e-04
4.160469907435939297e-04
4.153033882736325969e-04
4.150555151914167660e-04
4.141879803701907330e-04
4.140640424613238027e-04
4.136922395555994877e-04
4.124528999068618118e-04
4.122050250240520187e-04
4.107178264208344938e-04
4.090323073049576138e-04
4.032817695529189103e-04
4.030339050581507811e-04
4.012988240927332006e-04
3.998363997919094151e-04
3.985722750372149318e-04
3.955978495753069424e-04
3.913840887930122685e-04
3.876660689118760408e-04
3.866745927537291213e-04
3.858318392121986478e-04
3.802300160260437293e-04
3.762641246208966246e-04
3.715546230413237878e-04
3.709101666912993384e-04
3.698195434263519500e-04
3.656057899330000544e-04
3.652339799807210476e-04
3.651100456211012766e-04
3.611441551162519661e-04
3.571782629146889225e-04
3.565585919476355319e-04
3.565585903894293311e-04
3.561867902711631602e-04
3.546995759993164265e-04
3.516507974010263490e-04
3.509815569838495514e-04
3.503866731743912871e-04
3.465199238118749732e-04
3.452805798694125248e-04
3.442891061005167288e-04
3.430497688410282246e-04
3.426779697615662959e-04
3.400753483307534684e-04
3.390838710645485677e-04
3.380924015547490482e-04
3.372248647771087095e-04
3.286734011311215667e-04
3.274340597510448062e-04
3.253023972231888815e-04
3.252032449310246097e-04
3.248314436354465557e-04
3.237160384155821189e-04
3.202458823193640356e-04
3.202458812978728215e-04
3.190065375977992187e-04
3.186347379643084078e-04
3.152885130074164891e-04
3.135286505718573829e-04
3.111986858056381335e-04
3.084473469608879680e-04
3.074806604188397904e-04
3.073567227869874910e-04
3.068609939013304858e-04
3.064891890045652665e-04
3.043823114528165677e-04
3.028950956747037478e-04
3.024489324994757773e-04
3.014078855753865777e-04
2.962026559758285278e-04
2.952111800600690987e-04
2.952111798523083153e-04
2.947154451493483448e-04
2.914931579974434526e-04
2.892127671135793728e-04
2.875272641684204693e-04
2.862879217495386533e-04
2.855443124754094143e-04
2.843049733807010001e-04
2.828177630216833658e-04
2.823220258775338380e-04
2.751338427843708794e-04
2.735227043504994760e-04
2.706226419628659347e-04
2.699286078869111722e-04
2.691850029065062178e-04
2.657148509135647181e-04
2.634344603240286226e-04
2.629882977720837613e-04
2.595181368107989952e-04
2.585266685475642845e-04
2.581548658322881042e-04
2.572873295913632942e-04
2.542137560184775172e-04
2.463811182027493985e-04
2.456375143304025880e-04
2.396886745217917467e-04
2.394408079494147535e-04
2.372099868792560751e-04
2.362185159497573992e-04
2.355988468525512490e-04
2.333680340062588201e-04
2.310132844110976381e-04
2.288568232295473757e-04
2.265516545286692940e-04
2.250644431481610419e-04
2.181241285318486715e-04
2.158933160664512380e-04
2.116795514232674980e-04
2.096966048550238612e-04
2.077136601912545240e-04
2.072179241378497596e-04
2.072179235145673009e-04
2.069700566651759750e-04
2.069700529254812503e-04
2.064743174261045278e-04
2.042435035929480525e-04
2.037477661544706759e-04
2.022605542545604924e-04
1.913543502241428159e-04
1.861491182007079929e-04
1.836704302292174404e-04
1.808199479394515213e-04
1.804481418307477935e-04
1.793327358837200727e-04
1.779694628449138066e-04
1.779694611135738003e-04
1.757386477132523537e-04
1.749950413650888453e-04
1.744993025761654279e-04
1.722684879465929324e-04
1.680547255714653508e-04
1.627255583919944926e-04
1.580656335861153341e-04
1.569006542674781591e-04
1.556613128094899798e-04
1.546698362011947596e-04
1.539262332291446863e-04
1.536783639558771022e-04
1.523150893242378200e-04
1.468124126042872875e-04
1.467380508977712307e-04
1.454987079248600717e-04
1.431191733492642878e-04
1.428960920689635323e-04
1.427721562377050595e-04
1.386823306806998074e-04
1.370711854599737970e-04
1.316180834707353820e-04
1.281479276342186845e-04
1.279000594690087836e-04
1.272803870130027686e-04
1.236862958646293672e-04
1.217033487250437115e-04
1.194725359999449464e-04
1.189767968647542298e-04
1.172417197082853841e-04
1.160023788822365029e-04
1.125322225609443099e-04
1.103014057152559195e-04
1.093099326821784172e-04
1.032371590766336078e-04
1.000396568402382421e-04
9.914733355425546914e-05
9.815585833103240029e-05
9.592504375339981604e-05
9.518143769956389892e-05
9.220701757018432787e-05
8.898472927559465261e-05
8.811719193526889042e-05
8.774538768775605154e-05
8.551457309280985635e-05
8.229228639105364441e-05
8.192048189249647588e-05
7.671524706429011466e-05
7.287328863369077871e-05
6.469363488804308392e-05
6.345429295393620783e-05
6.047987240903485314e-05
5.577037446527720988e-05
0.000000000000000000e+00
0.000000000000000000e+00
0.000000000000000000e+00
0.000000000000000000e+00
0.000000000000000000e+00
0.000000000000000000e+00
0.000000000000000000e+00
0.000000000000000000e+00
0.000000000000000000e+00
0.000000000000000000e+00
0.000000000000000000e+00
0.000000000000000000e+00
0.000000000000000000e+00
0.000000000000000000e+00
0.000000000000000000e+00
0.000000000000000000e+00
0.000000000000000000e+00
0.000000000000000000e+00
0.000000000000000000e+00
0.000000000000000000e+00
0.000000000000000000e+00
0.000000000000000000e+00
0.000000000000000000e+00
0.000000000000000000e+00
0.000000000000000000e+00
0.000000000000000000e+00
0.000000000000000000e+00
0.000000000000000000e+00
0.000000000000000000e+00
0.000000000000000000e+00
0.000000000000000000e+00
0.000000000000000000e+00
0.000000000000000000e+00
0.000000000000000000e+00
0.000000000000000000e+00
0.000000000000000000e+00
0.000000000000000000e+00
0.000000000000000000e+00
0.000000000000000000e+00
0.000000000000000000e+00
0.000000000000000000e+00
0.000000000000000000e+00
0.000000000000000000e+00
0.000000000000000000e+00
0.000000000000000000e+00
0.000000000000000000e+00
0.000000000000000000e+00
0.000000000000000000e+00
0.000000000000000000e+00
0.000000000000000000e+00
0.000000000000000000e+00
0.000000000000000000e+00
0.000000000000000000e+00
0.000000000000000000e+00
0.000000000000000000e+00
0.000000000000000000e+00
0.000000000000000000e+00
0.000000000000000000e+00
0.000000000000000000e+00
0.000000000000000000e+00
0.000000000000000000e+00
0.000000000000000000e+00
0.000000000000000000e+00
0.000000000000000000e+00
0.000000000000000000e+00
0.000000000000000000e+00
0.000000000000000000e+00
0.000000000000000000e+00
0.000000000000000000e+00
0.000000000000000000e+00
0.000000000000000000e+00
0.000000000000000000e+00
0.000000000000000000e+00
0.000000000000000000e+00
0.000000000000000000e+00
0.000000000000000000e+00
0.000000000000000000e+00
0.000000000000000000e+00
0.000000000000000000e+00
0.000000000000000000e+00
0.000000000000000000e+00
0.000000000000000000e+00
0.000000000000000000e+00
0.000000000000000000e+00
0.000000000000000000e+00
0.000000000000000000e+00
0.000000000000000000e+00
0.000000000000000000e+00
0.000000000000000000e+00
0.000000000000000000e+00
0.000000000000000000e+00
0.000000000000000000e+00
0.000000000000000000e+00
0.000000000000000000e+00
0.000000000000000000e+00
0.000000000000000000e+00
0.000000000000000000e+00
0.000000000000000000e+00
0.000000000000000000e+00
0.000000000000000000e+00
0.000000000000000000e+00
0.000000000000000000e+00
0.000000000000000000e+00
0.000000000000000000e+00
0.000000000000000000e+00
0.000000000000000000e+00
0.000000000000000000e+00
0.000000000000000000e+00
0.000000000000000000e+00
0.000000000000000000e+00
0.000000000000000000e+00
0.000000000000000000e+00
0.000000000000000000e+00
0.000000000000000000e+00
0.000000000000000000e+00
0.000000000000000000e+00
0.000000000000000000e+00
0.000000000000000000e+00
0.000000000000000000e+00
0.000000000000000000e+00
0.000000000000000000e+00
0.000000000000000000e+00
0.000000000000000000e+00
0.000000000000000000e+00
0.000000000000000000e+00
0.000000000000000000e+00
0.000000000000000000e+00
0.000000000000000000e+00
0.000000000000000000e+00
0.000000000000000000e+00
0.000000000000000000e+00
0.000000000000000000e+00
0.000000000000000000e+00
0.000000000000000000e+00
0.000000000000000000e+00
0.000000000000000000e+00
0.000000000000000000e+00
0.000000000000000000e+00
0.000000000000000000e+00
0.000000000000000000e+00
0.000000000000000000e+00
0.000000000000000000e+00
0.000000000000000000e+00
0.000000000000000000e+00
0.000000000000000000e+00
0.000000000000000000e+00
0.000000000000000000e+00
0.000000000000000000e+00
0.000000000000000000e+00
0.000000000000000000e+00
0.000000000000000000e+00
0.000000000000000000e+00
0.000000000000000000e+00
