221.1624721
187.1075883
213.1121041
96.96039444
123.0799618
199.0963737
493.0168328
197.1268931
175.1076181
213.1847322
339.2328183
505.8268352
163.0864199
140.1181153
205.0606152
133.0687672
325.1988439
119.089519
136.0616907
93.06973177
169.1221667
213.1778169
198.0162727
355.2267539
559.4244521
144.0654452
99.04387383
192.1017233
302.3052731
245.0784177
86.05997115
144.9920095
267.2317982
146.9612033
156.9659464
131.0814278
206.9681641
237.1250174
459.3517596
164.0560949
161.0120463
241.2160032
340.2595145
161.0595684
315.2318063
417.3767357
141.0657313
117.065729
157.0494044
95.04896201
129.0738054
183.1742282
403.2113543
159.0763226
227.0842104
114.0912494
211.0962856
289.2374098
882.1908871
170.1174441
317.1359479
130.0861693
105.0697416
150.0548764
219.9830942
156.1130543
116.0704657
358.2375595
254.1385504
104.0704257
203.0912502
468.3183433
966.1611091
229.2160997
117.0697456
99.05510956
85.05084001
254.1385218
210.0912524
135.1167044
203.081369
373.2329821
165.0763773
101.0595645
920.2078861
363.2199932
377.3037911
90.05479519
171.0635594
178.1072557
160.0755569
113.0595486
210.0911829
109.1010738
458.3627559
429.2998394
125.0232754
149.0808123
95.02381588
153.073834
148.1119355
456.3471426
161.107229
496.3396398
272.200838
142.06506
456.3165617
218.1387299
337.1045685
103.0864345
391.2841768
143.0814221
193.0687766
234.0625646
438.3429083
148.9768997
474.2219911
209.1014956
191.081343
323.2521778
146.0810501
286.2530126
126.023154
161.1071979
365.105338
121.0282837
128.0534184
139.0582305
106.0285959
262.2271493
170.0922486
152.1068784
530.3544516
282.1958253
170.1174574
130.0691305
307.1903158
196.0967294
142.9763354
113.1071687
130.0497944
265.1185341
113.0094466
936.2053335
187.0864182
962.2740164
167.0467294
166.085927
901.3075171
169.0857921
171.0052646
115.0694383
1016.230966
381.0245314
126.0741605
280.2351539
182.0810487
147.0650784
148.0603178
109.0395419
359.25798
237.0871129
440.2907873
210.1569186
509.3808335
121.0395172
416.2360091
267.2317696
111.0551611
720.3673484
223.0966914
137.0596023
477.24432
288.2532737
754.7989327
175.143981
175.0862738
233.1898372
337.1985875
245.0782715
128.1068337
199.0949128
508.37591
209.1537522
159.0650711
233.2264738
766.6481894
102.0548085
84.04434781
990.4959865
109.0646818
128.0704632
283.1328971
285.2787794
582.2465967
243.2107527
469.2952216
125.0425872
118.0609863
136.0756263
360.2236298
273.1848657
312.2433569
128.0340911
155.0102546
228.1018405
115.0864771
195.1127261
124.0868601
253.2526259
274.0919389
118.0861655
125.0596281
158.0809735
239.2368299
333.2634584
153.0657661
853.3553945
185.0708385
160.0961943
98.05988237
326.2211442
282.2511283
163.111626
185.0708186
585.2708653
145.049421
250.0451509
113.0344085
582.24683
286.2283431
157.1334559
852.3556815
85.02835711
453.2423081
93.03337519
1088.369697
583.2542437
101.0242834
142.9763552
293.2473262
248.0777902
401.3413276
314.2438558
272.164458
455.3144001
155.0466551
306.1780101
354.2628965
269.1746873
171.064014
120.0654273
119.0854438
289.1797175
338.2593434
997.2792556
247.2420765
137.096029
282.1513434
210.1570208
206.1015547
288.2895924
314.2688733
156.0402278
520.394769
133.1051473
281.2474827
182.1174579
108.055749
100.0503714
233.0784826
431.3841878
198.0974953
141.1272813
217.179767
377.2279379
310.2305212
297.2054362
460.3522958
413.193947
312.2896018
155.1065249
159.0651073
159.0915579
149.0442692
269.117135
944.4859571
343.1902942
123.0439263
407.3514704
173.1171476
319.2630229
171.1014045
268.1055162
830.1373581
329.2107128
153.138495
287.108306
144.0789449
136.0868623
155.1065347
212.0908379
178.057956
106.0285843
142.0497811
120.0555185
151.0613933
207.1855408
227.0841295
180.1017161
216.1610046
248.1109714
591.3163512
114.0548728
203.0912534
332.2695977
158.059957
744.2758567
254.1537455
100.0391294
155.1429279
391.3569573
445.3674725
288.2173289
300.2896367
115.0864839
175.1440102
320.3071961
149.0596573
83.06035326
201.1119749
463.3779926
275.2580126
189.0528647
165.0545403
829.282042
188.070472
233.1645792
876.1489278
922.1294818
146.0599298
152.0703574
369.226354
133.1010617
353.2678907
864.1834578
174.1487866
291.2317588
400.3784917
128.9709482
854.143218
102.0911705
181.0969566
375.2894223
956.1077978
387.1365914
206.0811959
216.0853751
127.0500971
231.1225693
837.0514469
123.0439353
91.05814027
176.1191774
437.1930978
371.2406324
88.03917536
403.3569416
159.0439928
249.0609775
208.0625152
146.1174463
129.1020939
1010.74601
229.085656
572.3653158
946.2653797
131.0698323
315.1954543
207.0506134
367.2456603
306.2638424
405.3349813
119.0490559
354.2427378
183.1014251
152.0817304
297.2421046
111.0439399
770.1701934
331.2254122
204.0653764
123.1166708
414.3577201
273.1487402
247.2421368
875.3492931
279.2683009
281.1743577
147.0763112
930.1926842
524.3709228
143.0853959
339.2148091
220.0796776
415.2837868
143.1065786
368.3158869
304.235158
918.4685687
297.27876
483.3274413
453.3004225
337.1649882
447.383202
818.3518392
192.075874
97.06464569
934.1490952
215.1061242
177.0909027
940.1511303
271.1328415
340.1615902
263.2369076
200.0916273
212.0917273
294.2215482
464.313555
155.0701161
970.1292486
175.0388693
307.1303026
306.2638099
395.3328606
284.2664731
370.3314962
147.1127057
740.6330359
107.0602277
937.3246156
226.1993779
339.1954641
397.2001451
371.333151
191.0337328
415.3247493
281.1007568
218.9835342
1000.285054
142.0862071
357.2049944
227.1611948
179.0701332
292.2749788
432.383358
303.1945516
395.2916672
142.0691375
1024.348198
451.3403753
167.1065408
399.3284405
446.3756556
343.2219235
138.0548702
363.325674
252.0500207
907.1200636
818.1788101
319.1540154
902.1530449
249.2212297
158.059956
166.0722217
127.1116082
162.1122939
119.0490557
397.3504205
1080.304635
108.044233
241.1070425
854.175525
417.3362174
427.3565657
218.0488348
164.0704538
121.0646617
365.2300228
401.2630741
144.1018145
433.3675463
113.1071799
162.0912371
288.2402031
133.0282678
423.3286454
115.0752544
519.3104446
128.9706424
396.224971
417.3766918
349.3100638
661.53778
462.2755136
132.1017986
982.2787605
193.1322172
185.1171076
903.1990538
141.0909003
84.04435036
149.0596176
321.240477
871.1113628
399.2892544
190.0860978
302.2195921
83.08549414
132.047664
853.6867096
123.0551487
131.0531331
282.1850996
704.2568519
291.1580708
405.3726914
818.764479
149.0959919
251.2005481
168.07665
392.2138756
1008.226366
296.2583978
1009.639356
171.1166851
228.0853224
117.0549278
359.2978675
179.033751
477.2629616
143.0338627
129.1384646
379.2837619
992.2858137
272.1492068
387.2158737
187.096366
418.338026
363.1958858
168.1017712
133.0316724
286.1436354
291.1942967
248.1746918
905.2768977
151.111644
83.04909929
884.1898101
455.3502651
391.2104029
312.2319939
132.0442969
315.2530032
926.1993527
198.1963224
158.0923226
401.2320426
153.12724
164.0917433
146.0599314
989.4894802
267.1222792
812.122081
174.1123563
873.3121489
132.0442938
191.0701602
488.2941059
171.1490081
283.2630562
448.3054097
250.0387211
387.3263081
191.0700921
153.0908893
114.0548602
165.0545465
135.0645656
120.0555592
167.0553981
877.4256144
333.133342
348.2895213
217.1585731
175.1187892
255.2681272
121.1010502
211.081428
225.2213395
104.1067846
259.2056432
919.3160947
164.106911
413.307628
118.0861387
980.2793543
982.5703743
343.2484912
683.9244889
427.3611154
165.163711
165.1273012
160.0603163
271.2065001
126.1024192
339.2278734
331.2995408
327.2524882
175.0594145
